<?xml version="1.0"?>
<opencv_storage>
<F type_id="opencv-matrix">
  <rows>3</rows>
  <cols>3</cols>
  <dt>f</dt>
  <data>
    2.21688641e-08 2.79331789e-06 -3.46717518e-03 -3.66580480e-06
    1.00808990e-07 1.03230052e-01 3.62997083e-03 -1.01542883e-01 1.</data></F>
</opencv_storage>
