<?xml version="1.0"?>
<opencv_storage>
<Pl type_id="opencv-matrix">
  <rows>3</rows>
  <cols>4</cols>
  <dt>d</dt>
  <data>
    4.1591710111482980e+03 0. 1.0854653244018555e+03 0. 0.
    4.1591710111482980e+03 1.0078493194580078e+03 0. 0. 0. 1. 0.</data></Pl>
</opencv_storage>
