<?xml version="1.0"?>
<opencv_storage>
<Q type_id="opencv-matrix">
  <rows>4</rows>
  <cols>4</cols>
  <dt>d</dt>
  <data>
    1. 0. 0. -1.0854653244018555e+03 0. 1. 0. -1.0078493194580078e+03 0.
    0. 0. 4.1591710111482980e+03 0. 0. 3.2345273556783077e-01 0.</data></Q>
</opencv_storage>
