<?xml version="1.0"?>
<opencv_storage>
<R type_id="opencv-matrix">
  <rows>3</rows>
  <cols>3</cols>
  <dt>d</dt>
  <data>
    9.9923836013472900e-01 -5.8955190843242326e-03
    3.8573857597912188e-02 6.0371957168912247e-03 9.9997544823277795e-01
    -3.5574147257233864e-03 -3.8551937735133233e-02
    3.7875831847250705e-03 9.9924941946967627e-01</data></R>
</opencv_storage>
