<?xml version="1.0"?>
<opencv_storage>
<Rl type_id="opencv-matrix">
  <rows>3</rows>
  <cols>3</cols>
  <dt>d</dt>
  <data>
    9.8693241623805394e-01 3.7045526904884478e-04 1.6113431832297700e-01
    -3.5175449045682258e-05 9.9999782869474663e-01
    -2.0835950854709707e-03 -1.6113474032996311e-01
    2.0506995601619056e-03 9.8693028633744417e-01</data></Rl>
</opencv_storage>
