<?xml version="1.0"?>
<opencv_storage>
<Rr type_id="opencv-matrix">
  <rows>3</rows>
  <cols>3</cols>
  <dt>d</dt>
  <data>
    9.9239411738853711e-01 5.7555287330689582e-03 1.2296662011143245e-01
    -6.0110272414924523e-03 9.9998047683160307e-01
    1.7068998628802766e-03 -1.2295439530219554e-01
    -2.4330730861777741e-03 9.9240933935107090e-01</data></Rr>
</opencv_storage>
