<?xml version="1.0"?>
<opencv_storage>
<T type_id="opencv-matrix">
  <rows>3</rows>
  <cols>1</cols>
  <dt>d</dt>
  <data>
    -3.0681271427380570e+00 -1.7794033254858573e-02
    -3.8016874365140363e-01</data></T>
</opencv_storage>
